Day hour min     AOD QC2     AOD QC3  conc (um/cm2) avgbinQC2 avgbinQC3
 01   11  26     0.49133     0.70750       32.70820     1           3
 02   10  31     0.28600     0.28600       10.54440     0           0
 03   11  15     0.16900     0.16900        6.39356     0           0
 04   10  20     0.18400     0.16533        6.95980     0           1
 05   11  01     0.19600     0.09450        9.97559     1           3
 07   10  50     0.29200     0.29200       10.75483     0           0
 09   10  36     0.24900     0.24900        9.32573     0           0
 10   11  20     0.07100     0.07100        2.68481     0           0
 11   10  25     0.17400     0.07488        6.54920     0           1
 12   11  06     0.10300     0.10300        3.89966     0           0
 13   10  11     0.07000     0.12950        2.66800     0           1
 14   10  55     0.26000     0.26000        9.68311     0           0
 16   10  41     0.52750     0.52750       30.64694     3           3
 17   11  25     0.13186     0.12867        6.03434     1           1
 18   10  30     0.31500     0.31500       11.50305     0           0
 19   11  15     0.19900     0.26967       11.89479     3           3
 20   10  20     0.29500     0.31600       14.32885     5           5
 21   11  01     0.27500     0.27500       10.19351     0           0
 23   10  50     0.32600     0.32600       11.82344     0           0
 25   10  36     0.29600     0.26400       10.86841     0           1
 26   11  20     0.15300     0.15300        5.77424     0           0
 27   10  25     0.11800     0.12620        5.03796     1           1
 28   11  06     0.08350     0.07950        3.16978     1           1
 29   10  11     0.09957     0.09957        5.42867     1           1
 30   10  55     0.24600     0.13286        9.23578     0           1
