Day hour min     AOD QC2     AOD QC3  conc (um/cm2) avgbinQC2 avgbinQC3
 01   12  46     0.24200     0.12700       11.01893     0           1
 02   13  30     0.33600     0.33600       12.15716     0           0
 04   13  16     0.20600     0.20600        7.76526     0           0
 05   14  00     0.11620     0.11600        6.18839     1           1
 06   13  05     0.10700     0.10700        4.06122     0           0
 07   13  46     0.18480     0.19275        9.66422     1           1
 08   12  51     0.19300     0.19300       10.31855     0           0
 09   13  35     0.11000     0.07350        5.18106     1           1
 10   12  40     0.10450     0.10620        4.48429     1           1
 11   13  25     0.24700     0.24700        9.26486     0           0
 13   13  11     0.20800     0.19650        8.04252     1           1
 14   13  55     0.21600     0.17200       12.68814     0           3
 15   13  00     0.12050     0.12400        7.71784     3           3
 16   13  41     0.15050     0.19400        9.37759     3           3
 17   12  46     0.06900     0.06900        2.62986     0           0
 18   13  30     0.12800     0.12800        4.83554     0           0
 20   13  16     0.18300     0.18300        6.88668     0           0
 21   14  00     0.14000     0.14000        5.28035     0           0
 22   13  05     0.21000     0.21000        7.93989     0           0
 23   13  46     0.17500     0.17500        6.61295     0           0
 24   12  51     0.37900     0.31167       25.02847     0           1
 25   13  35     0.36500     0.24100       13.04258     0           1
 26   12  40     0.30933     0.29900       20.18464     1           1
 27   13  25     0.33233     0.36300       15.92417     1           1
 29   13  11     0.53175     0.51582       31.22108     1           3
 30   13  55     0.54575     0.53500       19.35974     1           1
