Day hour min     AOD QC2     AOD QC3  conc (um/cm2) avgbinQC2 avgbinQC3
 01   13  25     0.55000     0.73500       18.42221     1           3
 03   13  11     0.64300     0.45700       21.03459     0           1
 04   13  55     0.34900     0.34900       15.81803     0           0
 05   13  00     0.50800     0.65814       17.22627     0           3
 06   13  41     0.22300     0.22300        8.39494     0           0
 07   12  46     0.32800     0.32800       19.35044     0           0
 08   13  30     0.20500     0.20500        7.74092     0           0
 10   13  16     0.25900     0.25900        9.63128     0           0
 11   14  00     0.54900     0.54900       24.13215     0           0
 12   13  05     0.80467     0.80467       43.45660     1           1
 13   13  46     0.81100     0.81100       25.09857     0           0
 13   13  50     0.89200     0.89200       45.54317     1           1
 14   12  51        -NaN        -NaN       77.18505     5           5
 14   12  55        -NaN        -NaN           -NaN     5           5
 15   13  36     0.87700     0.87700       26.82581     1           1
 16   12  41     0.23600     0.23600       15.09173     0           0
 17   13  25     0.47900     0.36167       16.38703     0           1
 19   13  11        -NaN        -NaN       73.96735     5           5
 20   13  55        -NaN        -NaN           -NaN     5           5
 21   13  00     0.73250     0.73250       35.61800     1           1
 22   13  41        -NaN        -NaN           -NaN     5           5
 23   12  46        -NaN        -NaN      118.33337     5           5
 24   13  30     0.32467     0.21362       11.75693     1           3
 26   13  16     0.27600     0.27600       10.21079     0           0
 27   14  00     0.33900     0.36100       15.08037     1           1
 28   13  05     0.68600     0.53833       34.80058     0           1
 29   13  46     0.67700     0.70700       39.78731     3           3
 29   13  50     0.64850     0.67000       30.06219     3           3
 30   12  51     0.50083     0.45060       26.26857     3           3
