Day hour min     AOD QC2     AOD QC3  conc (um/cm2) avgbinQC2 avgbinQC3
 01   13  00     0.63300     0.56300       43.64117     0           1
 02   13  41     0.18800     0.18800        7.10898     0           0
 03   12  46     0.14929     0.14683        9.31063     1           1
 04   13  30     0.14100     0.14100        5.31496     1           1
 06   13  16     0.17000     0.17000        6.42861     0           0
 07   14  00     0.10050     0.10900        0.00000     1           1
 08   13  05     0.22200     0.22200        8.38658     0           0
 09   13  46     0.10800     0.10800        4.07886     0           0
 10   12  51     0.03300     0.03300        1.24609     0           0
 11   13  35     0.16000     0.16000        6.04964     0           0
 12   12  40     0.11700     0.11700        7.48428     0           0
 13   13  25     0.28900     0.28900       15.45112     0           0
 15   13  11     0.14900     0.14900        5.62966     0           0
 16   13  55     0.21800     0.24100       10.79061     3           3
 17   13  00     0.13700     0.13700        5.16235     0           0
 18   13  41     0.24500     0.20280        9.17519     0           1
 19   12  46     0.41257     0.45333       27.81145     3           3
 20   13  30     0.38633     0.44550       25.67330     5           5
 22   13  16     0.25800     0.25800        9.61893     0           0
 23   14  00     0.65000     0.88900       27.40948     5           5
 24   13  05     0.40667     0.47000       27.08132     3           3
 25   13  46     0.27050     0.26150       11.42528     1           1
 26   12  51     0.17300     0.16960       11.09446     0           1
 27   13  36     0.17600     0.17600        6.65867     0           0
 28   12  41     0.05500     0.06350        2.45012     1           1
 29   13  25     0.19900     0.19900        7.51048     0           0
 31   13  11     0.17100     0.17100       10.92654     0           0
