Day hour min     AOD QC2     AOD QC3  conc (um/cm2) avgbinQC2 avgbinQC3
 01   11  20     0.86200     0.87800       64.27796     1           1
 02   10  25     0.45400     0.45400       15.63261     0           0
 03   11  06     0.81580     0.83400       53.63928     1           1
 04   10  11     0.74500     0.78167       23.65474     1           3
 05   10  55     0.60100     0.60100       28.29940     3           3
 07   10  45        -NaN        -NaN           -NaN     5           5
 08   11  26        -NaN        -NaN           -NaN     5           5
 09   10  31     0.72100     0.72100       23.11384     1           1
 10   11  15     0.41767        -NaN       27.85037     5           5
 11   10  20     0.37300     0.37300       13.27368     0           0
 12   11  01     0.78500        -NaN       54.98604     3           5
 14   10  50     0.31800     0.31800       11.58085     0           0
 16   10  36     0.60000     0.60000       19.86831     0           0
 17   11  20     0.71967     0.74800       81.24052     3           3
 18   10  25     0.61500     0.61500       20.26110     0           0
 19   11  06     0.67400     0.67000       33.56925     1           1
 19   11  10     0.73650     0.77800       49.94807     1           3
 20   10  11     0.41200     0.41200       14.45648     0           0
 21   10  56     0.29700     0.29700       10.90300     0           0
 23   10  45     0.38600     0.30667       13.67774     0           1
 24   11  26     0.55700     0.55700       38.08195     0           0
 25   10  31     0.89100     0.89100       27.15510     0           0
 26   11  15        -NaN        -NaN      109.73631     5           5
 27   10  20     0.56100     0.56100       18.76497     0           0
 28   11  01     0.89700     0.78000       41.67368     0           1
 30   10  50     0.43200     0.43200       28.86624     3           3
