Day hour min     AOD QC2     AOD QC3  conc (um/cm2) avgbinQC2 avgbinQC3
 02   13  11     0.47200     0.62000       22.51721     1           3
 03   13  55     0.55400     0.55400       22.47817     1           1
 04   13  00     0.62800     0.62800       43.27358     1           1
 05   13  41     0.49067     0.49067       29.39034     3           3
 06   12  46     0.31600     0.32200       20.57342     1           1
 07   13  30     0.40500     0.29950       18.09811     1           3
 09   13  16     0.37700     0.32295       13.39948     1           3
 10   14  00     0.22000     0.17667       11.71103     1           1
 11   13  05     0.21400     0.21400        9.75493     0           0
 12   13  46     0.10700     0.11575        6.85782     1           3
 13   12  51     0.21400     0.23559       13.69206     1           3
 14   13  35     0.23300     0.24300        8.78355     0           1
 15   12  40     0.09125     0.09233        5.85303     1           1
 16   13  25     0.13700     0.11575        6.70911     1           1
 18   13  11     0.40133     0.42600       24.35313     3           3
 19   13  55     0.21900     0.27633        8.27129     0           1
 20   13  00     0.37833     0.33050       25.18679     1           1
 21   13  41     0.38100     0.39250       14.57524     1           1
 22   12  46     0.65200     0.64486       45.06148     3           3
 23   13  30     0.26300     0.26300        9.77579     0           0
 25   13  16     0.10350     0.10350        6.64035     1           1
 26   14  00     0.21200     0.31400       11.99640     1           1
 27   13  05     0.31100     0.40100       17.44184     1           3
 28   13  46     0.43200     0.43200       21.93790     1           1
 29   12  51     0.27300     0.27300       17.56598     1           1
 30   13  36     0.14700     0.15550        5.53343     0           1
 31   12  41     0.15917     0.15250       10.19440     1           1
