Day hour min     AOD QC2     AOD QC3  conc (um/cm2) avgbinQC2 avgbinQC3
 01   12  46        -NaN        -NaN           -NaN     5           5
 02   13  30     0.40800     0.40800       21.81310     5           5
 04   13  16     0.28067     0.25200       12.45457     3           3
 05   14  01     0.39325        -NaN       13.99708     5           5
 06   13  05     0.38400     0.33200       13.63079     0           5
 07   13  50     0.22550        -NaN       14.42843     5           5
 08   12  55     0.16300     0.15100        6.16310     1           3
 09   13  36     0.35100        -NaN       12.68810     3           5
 10   12  41        -NaN        -NaN           -NaN     5           5
 11   13  25        -NaN        -NaN           -NaN     5           5
 13   13  11     0.46100     0.45400       15.92429     3           3
 14   13  55        -NaN        -NaN           -NaN     5           5
 15   13  00     0.25300     0.27375        9.42262     1           3
 16   13  41     0.67200        -NaN       22.07480     5           5
 17   12  46     0.20625     0.22600        7.75439     1           1
 18   13  30     0.37900     0.12000       13.48293     0           1
 20   13  16     0.55800        -NaN       34.19423     5           5
 21   14  00        -NaN        -NaN           -NaN     5           5
 22   13  05        -NaN        -NaN           -NaN     5           5
 23   13  46     0.25533     0.33040       12.48574     3           5
 23   13  50     0.23800     0.19400        8.86675     1           1
 24   12  51     0.23433     0.24100        8.83044     1           1
 25   13  36     0.28200     0.37500       10.38786     0           1
 26   12  41        -NaN        -NaN           -NaN     5           5
 27   13  25     0.53400     0.53400       17.98034     1           1
 29   13  11     0.46500     0.46500       15.96104     0           0
 30   13  55     0.48100     0.43500       16.47164     1           3
