Day hour min     AOD QC2     AOD QC3  conc (um/cm2) avgbinQC2 avgbinQC3
 01   11  15     0.31300     0.31300       19.34813     0           0
 02   10  20     0.20500     0.20500       10.96422     0           0
 03   11  01     0.13300     0.13300        5.02807     0           0
 05   10  50     0.22500     0.22500        8.47840     0           0
 07   10  36     0.22900     0.22900        8.63933     0           0
 08   11  20     0.10800     0.10800        4.10154     0           0
 09   10  25     0.15700     0.15700        5.92497     0           0
 10   11  06     0.21500     0.21500        8.10366     0           0
 11   10  11     0.10200     0.10200        3.85935     0           0
 12   10  55     0.27200     0.27200       10.08583     0           0
 14   10  41     0.26367     0.27750       11.45734     1           1
 15   11  26     0.16700     0.16700       10.05062     1           1
 16   10  31     0.28700     0.13771       17.63664     1           3
 17   11  15     0.15200     0.15200        5.74483     0           0
 18   10  20     0.13400     0.09386        8.57795     0           1
 19   11  01     0.20500     0.20500        7.72439     0           0
 21   10  50     0.31500     0.31500       11.50614     0           0
 23   10  36     0.14200     0.14200        9.12629     0           0
 24   11  20     0.23500     0.23500        8.83748     0           0
 25   10  25     0.33700     0.29500       12.18312     0           1
 26   11  06     0.17100     0.17100        6.44235     0           0
 27   10  11     0.33140     0.32775       18.59859     1           1
 28   10  55     0.40400     0.40400       14.19970     0           0
 30   10  41     0.52900     0.55167       17.81891     0           1
