Day hour min     AOD QC2     AOD QC3  conc (um/cm2) avgbinQC2 avgbinQC3
 01   10  30     0.44800     0.46700       15.46662     0           1
 02   11  15     0.62800     0.65850       41.06174     0           1
 03   10  16     0.48600     0.48600       18.37377     0           0
 03   10  20     0.35917     0.32800       12.79245     1           1
 04   11  01     0.33100     0.20500       11.99604     0           1
 06   10  50     0.33800     0.33800       12.23075     0           0
 08   10  36     0.28900     0.28900       10.66641     0           0
 09   11  20     0.61000     0.83600       41.24181     5           5
 10   10  25     0.06400     0.12367        2.42702     0           1
 11   11  06     0.10600     0.10600        4.01855     0           0
 12   10  11     0.14500     0.18586        5.46278     0           1
 13   10  55     0.32500     0.32500       11.80149     0           0
 15   10  41     0.38400     0.38400       13.55434     1           1
 16   11  25     0.53100     0.53100       36.21212     0           0
 17   10  30     0.40700     0.40700       14.30924     0           0
 18   11  11        -NaN        -NaN           -NaN     5           5
 18   11  15     0.58500     0.58500       40.08132     0           0
 19   10  16     0.64600     0.64600       21.21789     3           3
 19   10  20     0.61500     0.65193       20.18821     1           3
 20   11  01     0.27100     0.27100       10.05383     0           0
 22   10  50     0.60300     0.61600       47.90747     5           5
 24   10  36     0.12800     0.10683        4.84755     0           1
 25   11  20     0.81367     0.81367       61.03212     1           1
 26   10  25     0.58075     0.66800       19.32312     1           1
 27   11  06     0.68733     0.64350       36.72544     1           1
 28   10  11     0.48400     0.54360       16.52821     0           1
