Day hour min     AOD QC2     AOD QC3  conc (um/cm2) avgbinQC2 avgbinQC3
 01   11  15     0.20400     0.22600       13.03158     1           3
 02   10  20        -NaN        -NaN           -NaN     5           5
 03   11  01        -NaN        -NaN           -NaN     5           5
 05   10  50     0.35250     0.27700       19.44707     1           1
 07   10  36     0.30200     0.21200       15.88338     1           3
 08   11  21        -NaN        -NaN           -NaN     5           5
 09   10  26        -NaN        -NaN           -NaN     5           5
 10   11  10        -NaN        -NaN           -NaN     5           5
 11   10  15        -NaN        -NaN           -NaN     5           5
 12   10  56        -NaN        -NaN           -NaN     5           5
 14   10  45     0.57700        -NaN       21.31563     3           5
 15   11  26        -NaN        -NaN           -NaN     5           5
 16   10  31        -NaN        -NaN           -NaN     5           5
 17   11  15     0.13100     0.13100        4.94458     0           0
 18   10  20     0.26000     0.16650        9.67907     0           1
 19   11  01     0.27600     0.25800       10.22266     0           1
 21   10  50        -NaN        -NaN           -NaN     5           5
 23   10  36     0.31900     0.25600       20.80218     1           3
 24   11  20     0.34233     0.27600       19.72337     3           3
 25   10  25     0.51800     0.45633       26.29589     1           5
 26   11  10     0.51600     0.52100       24.49935     1           3
 27   10  15     0.37900     0.31733       15.16317     3           5
 28   10  56     0.41600     0.41600       14.57075     0           0
 30   10  45     0.49000     0.49000       16.70546     0           0
