Day hour min     AOD QC2     AOD QC3  conc (um/cm2) avgbinQC2 avgbinQC3
 01   12  51     0.42100     0.42100       23.82288     1           1
 02   13  36     0.23000     0.22950        8.57482     1           1
 03   12  41     0.59500     0.58300       25.15087     1           1
 04   13  25     0.24300     0.24300        9.13708     1           1
 06   13  11     0.67500        -NaN       31.62309     5           5
 07   13  55        -NaN        -NaN           -NaN     5           5
 08   13  00     0.79300     0.61500       36.06977     3           5
 09   13  41     0.51900     0.51900       38.94054     3           3
 10   12  46     0.83600     0.83600       43.37873     3           3
 11   13  30     0.26900     0.26900       10.00027     3           3
 13   13  16     0.40200     0.40200       14.15252     0           0
 14   14  00     0.79178     0.80757       36.60094     3           3
 15   13  05     0.69500        -NaN       29.62993     5           5
 16   13  46     0.57575     0.57575       36.99495     3           3
 17   12  51        -NaN        -NaN           -NaN     5           5
 18   13  35     0.35575     0.30300       15.22896     1           1
 19   12  40        -NaN        -NaN       66.58165     5           5
 20   13  25        -NaN        -NaN           -NaN     5           5
 22   13  11        -NaN        -NaN           -NaN     5           5
 23   13  55     0.53200     0.53200       36.20113     5           5
 24   13  00     0.33100     0.26933       11.98669     0           3
 25   13  41     0.35450     0.35450       12.73944     1           1
 26   12  46     0.20250     0.20000        7.63322     1           1
 27   13  30     0.25025     0.23767       11.86751     3           3
 29   13  16     0.29600        -NaN       19.14434     3           5
 30   14  00     0.41050        -NaN       27.30190     5           5
