Day hour min     AOD QC2     AOD QC3  conc (um/cm2) avgbinQC2 avgbinQC3
 01   12  46     0.35975     0.36382       18.41502     3           3
 02   13  30     0.20100     0.17717        9.67170     1           3
 04   13  16     0.22800     0.22800        8.59021     0           0
 05   14  00     0.13550     0.09950        5.11906     1           1
 06   13  05     0.16400     0.16400        6.17589     0           0
 07   13  46     0.16267     0.16267        6.13301     1           1
 08   12  51     0.26550     0.24300       15.59816     1           1
 09   13  35     0.17500     0.19733        6.59253     0           1
 10   12  40     0.29200     0.58543       18.07319     1           3
 11   13  21     0.21680     0.21225       10.21185     3           3
 11   13  25     0.43200     0.43200       21.93348     1           1
 13   13  11     0.26550     0.24950       11.80394     1           1
 14   13  55     0.20375     0.21800        7.71704     1           1
 15   13  00     0.16400     0.15325        6.18748     0           1
 16   13  41     0.10500     0.10500        3.97772     0           0
 17   12  46     0.07500     0.10920        2.85240     0           1
 18   13  30     0.17100     0.17100        6.43812     0           0
 20   13  16     0.06214     0.06214        2.17478     3           3
 21   14  00     0.11300     0.11300        4.86267     1           1
 22   13  05     0.22500     0.22500       13.22717     0           0
 23   13  46     0.11900     0.14425        4.49559     0           1
 24   12  51     0.33300     0.33300       21.80531     0           0
 25   13  35     0.18100     0.18100        6.83736     0           0
 26   12  40     0.12100     0.12100        7.78113     0           0
 27   13  25     0.29120     0.28233       17.37342     5           5
 29   13  11     0.25600     0.25600        9.54690     0           0
 30   13  55     0.44900     0.43356       15.51794     1           3
 31   13  00     0.35500     0.32000       12.74858     0           1
