Day hour min     AOD QC2     AOD QC3  conc (um/cm2) avgbinQC2 avgbinQC3
 01   13  16        -NaN        -NaN           -NaN     5           5
 02   14  00        -NaN        -NaN           -NaN     5           5
 03   13  05        -NaN        -NaN           -NaN     5           5
 04   13  46     0.31200     0.23200       11.40516     1           3
 05   12  51     0.27560     0.26975       10.21823     3           3
 06   13  35     0.37080     0.34200       13.19304     3           3
 07   12  40     0.56600     0.70100       20.44171     3           5
 08   13  21     0.57400     0.48600       19.13280     0           3
 08   13  25     0.44300     0.44300       21.24058     1           1
 10   13  11     0.53600     0.53600       18.04069     0           0
 11   13  55     0.36600        -NaN       13.05997     1           5
 12   13  00     0.19800     0.22600        7.47344     0           3
 13   13  41     0.27260     0.24600       10.68994     3           3
 14   12  46     0.25500     0.25800        9.51912     1           1
 15   13  30     0.46360     0.54550       22.00406     5           5
 17   13  16     0.36950     0.30214       13.08533     1           3
 18   14  00        -NaN        -NaN           -NaN     5           5
 19   13  05     0.19240     0.11100        7.20535     3           3
 20   13  46     0.21950     0.18600       12.04629     5           5
 21   12  51        -NaN        -NaN           -NaN     5           5
 22   13  35        -NaN        -NaN           -NaN     5           5
 23   12  40     0.22900        -NaN        8.61858     1           5
 24   13  21     0.40240     0.39733       23.82077     5           5
 24   13  25     0.52950     0.29017       31.10564     1           3
 26   13  11     0.31312     0.30282       12.03314     3           3
 27   13  55     0.28700     0.22967       10.58731     0           1
 28   13  00     0.37600     0.36900       13.79192     1           1
 29   13  41     0.76900     0.55350       24.28307     1           3
 30   12  46        -NaN        -NaN           -NaN     5           5
