Day hour min     AOD QC2     AOD QC3  conc (um/cm2) avgbinQC2 avgbinQC3
 01   13  11     0.54914     0.53280       30.01080     1           1
 02   13  55     0.32200     0.49000       11.68938     0           1
 03   13  00     0.35100     0.35100       19.69632     0           0
 04   13  41     0.00500     0.08820        0.21512     0           1
 05   12  46     0.09900     0.14400        3.74888     0           1
 06   13  30        -NaN        -NaN           -NaN     5           5
 08   13  16     0.03950     0.03950        1.52581     3           3
 09   14  01     0.05500     0.12500        2.06976     1           3
 10   13  05     0.07600     0.07600        2.86128     0           0
 11   13  50     0.02800     0.14288        1.08943     0           1
 12   12  55        -NaN        -NaN           -NaN     5           5
 13   13  36        -NaN        -NaN           -NaN     5           5
 14   12  41     0.26400     0.30485       10.60142     1           3
 15   13  25     0.26200     0.26200        9.74287     0           0
 17   13  11     0.52320     0.36200       19.17339     1           1
 18   13  55     0.59100     0.65100       19.48183     1           3
 19   13  00     0.52425     0.53900       30.65408     1           1
 20   13  41     0.61300     0.64663       20.29515     1           3
 21   12  46     0.86957     0.86957       80.52382     5           5
 22   13  30     0.52300     0.60014       17.64379     1           3
 24   13  16     0.49957     0.51125       18.41048     1           1
 25   14  01     0.95033     0.95033       50.91643     5           5
 26   13  06     0.27300     0.27300       10.11796     0           0
 27   13  50     0.72500     0.72300       23.25727     3           3
 28   12  55        -NaN        -NaN       84.16962     5           5
