Day hour min     AOD QC2     AOD QC3  conc (um/cm2) avgbinQC2 avgbinQC3
 01   11  15     0.32717     0.33800       13.89036     3           3
 02   10  20     0.16067     0.15500        6.06734     1           1
 03   11  01     0.21500     0.21500        8.09774     0           0
 05   10  50     0.29400     0.29400       10.82038     0           0
 07   10  36     0.27700     0.27700       10.25618     0           0
 08   11  20     0.19200     0.19200        7.25462     0           0
 09   10  25     0.17500     0.16120        6.61571     0           1
 10   11  06     0.21800     0.22225       10.89078     1           1
 11   10  11     0.29900     0.27600       11.41530     1           1
 12   10  55     0.45000     0.45000       15.53205     0           0
 14   10  41     0.30000     0.30000       11.00745     0           0
 15   11  25     0.28600     0.29750       18.50253     1           3
 16   10  30     0.17300     0.17300        6.54374     0           0
 17   11  15     0.11800     0.11800        4.44981     0           0
 18   10  16     0.12000     0.12560        4.53450     0           3
 18   10  20     0.11200     0.10488        4.24962     0           1
 19   11  01     0.19400     0.19400        7.32445     0           0
 21   10  50     0.22500     0.22500        8.47013     0           0
 23   10  36     0.25900     0.25900        9.66442     0           0
 24   11  20     0.31800     0.31800       17.84605     0           0
 25   10  25     0.14400     0.14275        5.44455     0           1
 26   11  06     0.22400     0.22400       14.33368     0           0
 27   10  11        -NaN        -NaN           -NaN     5           5
 28   10  55     0.21700     0.21700       10.47806     0           0
 30   10  41     0.38600     0.38600       13.68487     0           0
 31   11  25     0.52667     0.63744       35.32738     1           3
