Day hour min     AOD QC2     AOD QC3  conc (um/cm2) avgbinQC2 avgbinQC3
 01   13  05        -NaN        -NaN           -NaN     5           5
 02   13  46        -NaN        -NaN           -NaN     5           5
 03   12  51        -NaN        -NaN           -NaN     5           5
 04   13  35        -NaN        -NaN           -NaN     5           5
 05   12  40        -NaN        -NaN           -NaN     5           5
 06   13  21        -NaN        -NaN           -NaN     5           5
 06   13  25        -NaN        -NaN           -NaN     5           5
 08   13  11     0.33500        -NaN       16.70646     3           5
 09   13  55        -NaN        -NaN           -NaN     5           5
 10   13  00        -NaN        -NaN           -NaN     5           5
 11   13  41        -NaN        -NaN           -NaN     5           5
 12   12  46        -NaN        -NaN           -NaN     5           5
 13   13  30     0.40700     0.40700       25.64169     3           3
 15   13  16     0.50850        -NaN       34.51206     3           5
 16   14  00     0.38667     0.47600       24.40413     5           5
 17   13  05     0.25500     0.25500       16.43065     1           1
 18   13  46     0.20540     0.20845        8.87369     3           5
 19   12  51        -NaN        -NaN           -NaN     5           5
 20   13  35     0.26800     0.22925        9.97941     3           5
 21   12  40        -NaN        -NaN           -NaN     5           5
 22   13  21     0.25067     0.23900       16.08704     3           3
 22   13  25     0.29950        -NaN       19.43869     5           5
 24   13  11        -NaN        -NaN           -NaN     5           5
 25   13  55        -NaN        -NaN           -NaN     5           5
 26   13  00        -NaN        -NaN           -NaN     5           5
 27   13  41     0.26100     0.32300        9.69098     1           3
 28   12  46        -NaN        -NaN           -NaN     5           5
 29   13  30        -NaN        -NaN           -NaN     5           5
 31   13  16     0.34400        -NaN       18.37404     3           5
