Day hour min     AOD QC2     AOD QC3  conc (um/cm2) avgbinQC2 avgbinQC3
 01   11  26     0.34467     0.29257       22.92486     1           3
 02   10  31     0.39700     0.39700       13.99587     1           1
 03   11  15     0.54887     0.66400       30.64220     3           3
 04   10  20     0.65300     0.75220       21.44442     3           5
 05   11  01     0.44900     0.44900       15.49046     0           0
 07   10  50     0.39300     0.40360       13.89910     0           3
 09   10  36     0.33700     0.33700       12.17058     0           0
 10   11  20     0.47850     0.47850       32.33996     1           1
 11   10  25     0.52400     0.52400       33.76278     3           3
 12   11  06        -NaN        -NaN           -NaN     5           5
 12   11  10     0.46157     0.47650       26.74116     3           3
 13   10  11     0.28229     0.31300       16.11115     3           3
 13   10  15     0.23800     0.23800       15.21615     0           0
 14   10  56     0.30200     0.30200       11.08282     0           0
 16   10  45     0.42933     0.39800       22.22130     1           1
 17   11  26     0.58350     0.55900       38.99804     1           1
 18   10  31     0.36800     0.36800       17.73652     0           0
 19   11  15     0.34000     0.34000       22.25696     0           0
 20   10  20     0.38400     0.38400       13.62135     0           0
 21   11  01     0.34800     0.34800       12.54209     0           0
 23   10  50     0.35700     0.35700       12.79872     0           0
 25   10  36     0.39900     0.39900       14.07086     0           0
 26   11  20     0.16100     0.16100       10.29526     0           0
 27   10  25     0.09500     0.09500        3.61079     0           0
 28   11  06     0.23800     0.23800       11.45228     0           0
 29   10  11     0.17800     0.17800       11.38952     0           0
 30   10  56     0.29000     0.29000       10.68954     0           0
