Day hour min     AOD QC2     AOD QC3  conc (um/cm2) avgbinQC2 avgbinQC3
 02   10  41     0.46800     0.44500       16.05544     0           1
 03   11  25     0.77500        -NaN       99.35265     5           5
 04   10  30     0.19600     0.17300        7.38026     0           1
 05   11  15     0.08800     0.13100        3.33747     0           1
 06   10  20        -NaN        -NaN           -NaN     5           5
 07   11  01        -NaN        -NaN           -NaN     5           5
 09   10  50     0.07550     0.05400        3.12684     1           1
 11   10  36     0.24800     0.24800        9.28872     0           0
 12   11  20        -NaN        -NaN           -NaN     5           5
 13   10  25        -NaN        -NaN           -NaN     5           5
 14   11  06     0.19250     0.18600        9.61758     1           1
 15   10  11     0.10025     0.10025        5.70295     1           1
 16   10  55     0.39292     0.38211       24.87987     3           3
 18   10  41     0.43500     0.43500       15.11661     0           0
 19   11  25     0.74050     0.85700       51.62431     1           5
 20   10  30     0.52200     0.62763       20.98361     1           3
 21   11  15     0.87867     0.99800       71.40137     1           1
 22   10  20     0.50700     0.59717       17.17284     0           1
 23   11  01     0.68900     0.63300       22.27100     0           1
 25   10  50     0.22000     0.43007        8.28347     1           3
 27   10  36     0.69900     0.68945       22.51532     0           3
 28   11  20        -NaN        -NaN       98.03962     5           5
