Day hour min     AOD QC2     AOD QC3  conc (um/cm2) avgbinQC2 avgbinQC3
 01   10  55     0.54700     0.54700       18.35741     0           0
 03   10  41     0.20100     0.20100        7.57838     0           0
 04   11  25     0.21420     0.22357       13.75603     3           3
 05   10  30     0.21700     0.21700        8.19696     0           0
 06   11  15     0.07600     0.07600        2.87263     0           0
 07   10  16        -NaN        -NaN           -NaN     5           5
 07   10  20     0.30871     0.22867       18.00926     3           3
 08   11  01     0.32000     0.32000       19.82669     0           0
 10   10  50     0.64860     0.71600       39.30391     3           3
 12   10  36     0.34300     0.34300       18.31168     0           0
 13   11  20     0.12900     0.12900        8.26163     0           0
 14   10  25     0.51500     0.52700       17.49353     1           1
 15   11  06     0.31200     0.28817       20.28215     1           3
 16   10  11     0.36800     0.36800       13.14538     0           0
 17   10  55     0.47000     0.47000       16.10687     0           0
 19   10  41        -NaN        -NaN           -NaN     5           5
 20   11  25     0.57850     0.56100       39.60889     1           1
 21   10  30     0.44500     0.34678       15.41948     1           3
 22   11  15     0.73400     0.73400       48.43597     1           1
 23   10  16        -NaN        -NaN           -NaN     5           5
 23   10  20     0.98300     0.98300       29.66191     3           3
 24   11  01     0.70883     0.74600       65.44673     3           3
 26   10  50     0.69475     0.74150       27.24227     1           1
 28   10  36        -NaN        -NaN       31.68429     5           5
 29   11  20        -NaN        -NaN           -NaN     5           5
 30   10  25        -NaN        -NaN           -NaN     5           5
 31   11  06     0.87033     0.81700       75.90604     3           3
