Day hour min     AOD QC2     AOD QC3  conc (um/cm2) avgbinQC2 avgbinQC3
 01   12  55     0.68100     0.81117       65.19234     1           3
 02   13  36     0.60675     0.68000       20.00776     1           1
 03   12  41     0.72533     0.79650       68.41148     3           3
 04   13  25     0.84589     0.80700       28.06400     5           5
 06   13  11     0.74100     0.63850       23.55401     1           3
 07   13  55     0.38900     0.38900       18.73694     1           1
 08   13  00     0.79700        -NaN       47.12118     0           5
 09   13  41     0.91400     0.58091       31.39426     1           5
 10   12  46        -NaN        -NaN           -NaN     5           5
 11   13  30     0.32800     0.52500       11.92624     1           5
 13   13  16     0.11300     0.18640        4.27497     1           3
 13   13  20     0.37800     0.37800       13.44941     0           0
 14   14  01     0.17150     0.17143        8.26394     3           3
 15   13  06     0.60600     0.60600       19.98097     1           1
 16   13  50     0.69900     0.79700       22.65653     1           3
 17   12  55     0.88950     0.88950       60.53450     3           3
 18   13  36     0.53670     0.52600       18.80963     3           3
 19   12  41     0.78200     0.88200       27.60612     1           3
 20   13  25     0.43400     0.43400       15.07208     0           0
 22   13  11     0.33600     0.33600       12.14403     0           0
 23   13  55     0.41800     0.41800       16.05436     0           0
 24   13  00     0.70600     0.70600       35.85126     0           0
 25   13  41     0.90508     0.89833       32.50920     3           3
 26   12  46        -NaN        -NaN       89.22797     5           5
 27   13  30     0.73440     0.74578       32.43421     3           3
 29   13  16     0.74508     0.71230       27.15927     5           5
 30   14  01     0.66150     0.69100       39.84312     3           3
