Day hour min     AOD QC2     AOD QC3  conc (um/cm2) avgbinQC2 avgbinQC3
 01   10  55     0.47900     0.48367       16.36479     0           3
 03   10  41     0.58700     0.53700       19.50171     0           1
 04   11  26     0.73600     0.81660       45.89879     1           3
 05   10  30        -NaN        -NaN           -NaN     5           5
 06   11  15     0.40400     0.46800       26.84579     0           1
 07   10  20     0.31317     0.30833       15.86469     1           1
 08   11  01     0.41500     0.40657       20.22404     1           3
 10   10  50     0.29100     0.29100       10.70254     0           0
 12   10  36     0.12500     0.12900        8.00610     1           1
 13   11  20     0.16000     0.11900        6.03675     0           1
 14   10  25     0.11100     0.13933        4.19768     0           1
 15   11  06     0.08400     0.11250        3.18791     0           1
 16   10  11     0.08900     0.07933        5.64600     1           1
 17   10  55        -NaN        -NaN           -NaN     5           5
 19   10  41     0.37200     0.42675       13.26928     0           1
 20   11  26     0.82900     0.90575       69.95573     5           5
 21   10  31     0.52117     0.74000       25.84941     3           3
 22   11  15     0.60700     0.52000       30.81679     3           5
 23   10  20     0.20800     0.15400        7.85218     0           1
 24   11  01     0.15271     0.15469        8.79774     3           3
 26   10  50     0.27300     0.27300       10.12362     0           0
 28   10  36     0.37400     0.33300       13.31520     0           1
 29   11  20     0.21050     0.31933       10.99631     1           3
 30   10  25     0.16540     0.16800        8.02401     1           1
 31   11  06     0.15575     0.15200        7.28246     1           1
