Day hour min     AOD QC2     AOD QC3  conc (um/cm2) avgbinQC2 avgbinQC3
 01   13  30        -NaN        -NaN           -NaN     5           5
 03   13  20        -NaN        -NaN           -NaN     5           5
 04   14  01        -NaN        -NaN           -NaN     5           5
 05   13  06        -NaN        -NaN           -NaN     5           5
 06   13  50        -NaN        -NaN           -NaN     5           5
 07   12  55     0.27329     0.27300       16.75157     5           5
 08   13  36     0.27500     0.27500       10.20087     3           3
 09   12  41     0.34150        -NaN       12.44032     5           5
 10   13  25     0.77100        -NaN       53.90740     3           5
 12   13  11        -NaN        -NaN           -NaN     5           5
 13   13  55        -NaN        -NaN           -NaN     5           5
 14   13  00     0.37300     0.34300       13.31238     1           3
 15   13  41     0.30600        -NaN       13.92552     3           5
 16   12  46     0.26300     0.26300        9.85775     5           5
 17   13  30     0.25600     0.24133       13.02125     3           3
 19   13  16     0.26600     0.25100       15.53479     5           5
 19   13  20        -NaN        -NaN           -NaN     5           5
 20   14  01     0.25225     0.26850        9.68952     5           5
 21   13  06     0.36500        -NaN       16.55429     3           5
 22   13  50        -NaN        -NaN           -NaN     5           5
 23   12  55        -NaN        -NaN           -NaN     5           5
 24   13  36        -NaN        -NaN           -NaN     5           5
 25   12  41        -NaN        -NaN           -NaN     5           5
 26   13  25     0.31900     0.31000       20.18864     3           5
 28   13  11        -NaN        -NaN           -NaN     5           5
 29   13  55        -NaN        -NaN           -NaN     5           5
 30   13  00        -NaN        -NaN           -NaN     5           5
 31   13  41        -NaN        -NaN           -NaN     5           5
