Day hour min     AOD QC2     AOD QC3  conc (um/cm2) avgbinQC2 avgbinQC3
 01   13  41     0.52900     0.50610       17.89608     1           3
 02   12  46     0.59600     0.89050       40.95303     1           3
 03   13  30     0.45043     0.45043       18.54135     3           3
 05   13  16     0.16075     0.17500        6.55470     3           3
 06   14  00     0.39000     0.39000       13.76294     0           0
 07   13  05     0.16800     0.16800        6.32264     0           0
 08   13  46     0.09275     0.10733        3.83607     1           1
 09   12  51     0.24457     0.25783       13.29228     3           3
 10   13  35     0.07775     0.07775        2.94575     1           1
 11   12  40     0.12300     0.12300        5.29406     0           0
 12   13  25     0.36000     0.36000       12.88945     0           0
 14   13  11     0.29200     0.29200       10.76255     0           0
 15   13  55     0.71200     0.71200       40.35970     5           5
 16   13  00     0.38600     0.38600       20.62656     0           0
 17   13  41     0.44800     0.44800       15.44561     0           0
 18   12  46     0.60400     0.60400       41.50506     0           0
 19   13  30     0.66700     0.66700       21.69053     0           1
 21   13  16     0.07300     0.07300        2.75534     0           0
 22   14  00     0.22400     0.18940        8.44763     0           1
 23   13  05     0.11000     0.11000        4.16401     0           0
 24   13  46     0.02300     0.02300        0.87228     0           0
 25   12  51     0.81500     0.81500       46.67820     1           1
 26   13  36     0.40900     0.40900       14.41807     1           1
 27   12  41     0.83842     0.84514       59.07831     3           3
 28   13  25     0.56440     0.52767       18.78091     1           1
