Day hour min     AOD QC2     AOD QC3  conc (um/cm2) avgbinQC2 avgbinQC3
 01   14  01     0.41233     0.39200       21.08085     3           3
 02   13  05     0.62067     0.67100       26.52251     3           3
 03   13  50     0.67925     0.66250       40.90297     5           5
 04   12  55     0.67733     0.63700       36.47660     3           3
 05   13  36     0.25200     0.28250       15.43799     0           1
 06   12  41     0.33350     0.31927       12.05837     1           3
 07   13  25     0.47450     0.39643       27.72176     1           3
 09   13  11     0.49700     0.17300       31.86174     3           5
 10   13  55     0.48400     0.44367       32.70211     3           3
 11   13  00     0.28300     0.31000       10.47966     1           3
 12   13  41     0.55800     0.44675       24.50451     1           3
 13   12  46     0.87100        -NaN       44.27149     1           5
 14   13  30     0.74000     0.67200       26.49736     3           5
 16   13  16        -NaN        -NaN      248.86166     5           5
 17   14  01        -NaN        -NaN      167.00346     5           5
 18   13  05     0.76100     0.76100       53.22417     0           0
 19   13  50     0.46600     0.46600       31.44031     0           0
 20   12  51     0.88067     0.88067       63.72955     3           3
 20   12  55     0.63000        -NaN       36.73533     1           5
 21   13  36     0.67675     0.68300       46.37296     3           3
 22   12  41     0.98900        -NaN       62.87194     3           5
 23   13  25        -NaN        -NaN       51.71639     5           5
 25   13  11        -NaN        -NaN       52.06633     5           5
 26   13  55        -NaN        -NaN           -NaN     5           5
 27   13  00     0.50000        -NaN       16.99501     0           5
 28   13  41     0.48067     0.58200       32.40629     5           5
 29   12  46        -NaN        -NaN           -NaN     5           5
 30   13  30        -NaN        -NaN           -NaN     5           5
