Day hour min     AOD QC2     AOD QC3  conc (um/cm2) avgbinQC2 avgbinQC3
 01   10  11        -NaN        -NaN       38.16814     5           5
 02   10  55     0.38100     0.38100       13.51744     0           0
 04   10  41     0.29100     0.29100       10.69826     0           0
 05   11  25     0.69600     0.85300       43.35172     1           3
 06   10  30     0.34800     0.34800       12.51756     0           0
 07   11  15     0.27500     0.27500       17.73593     0           0
 08   10  16     0.05700     0.05700        2.14521     1           1
 08   10  20     0.13000     0.13000        4.90893     0           0
 09   11  01     0.22800     0.22800        8.59520     0           0
 11   10  50     0.49500     0.49500       16.85062     0           0
 13   10  36     0.91500     0.91500       27.71026     0           0
 14   11  20     0.95700     0.95700       85.48262     5           5
 15   10  25     0.74633     0.78000       26.96922     3           3
 16   11  06     0.16700     0.16700        6.31145     0           0
 17   10  11     0.36600     0.36600       13.06367     0           0
 18   10  55     0.61400     0.55922       20.22020     1           3
 20   10  41        -NaN        -NaN           -NaN     5           5
 21   11  25        -NaN        -NaN       79.40074     5           5
 22   10  30        -NaN        -NaN           -NaN     5           5
 23   11  15     0.81200        -NaN       50.90813     5           5
 25   11  01     0.19000     0.19000        7.15449     0           0
 27   10  50     0.37600     0.37600       13.39060     0           0
 29   10  36     0.51300     0.40625       17.37278     0           1
 30   11  20     0.58200     0.58200       39.88410     0           0
