Day hour min     AOD QC2     AOD QC3  conc (um/cm2) avgbinQC2 avgbinQC3
 01   13  55     0.08700     0.08700        5.56209     0           0
 02   13  00     0.10900     0.10900        4.13800     0           0
 03   13  41     0.32100     0.30800       20.94660     0           3
 04   12  46     0.23600     0.23600       15.10769     0           0
 05   13  30     0.34800     0.34800       12.53907     0           0
 07   13  16     0.28800     0.28800       10.62473     0           0
 08   14  00     0.26300     0.26300        9.77215     0           0
 09   13  05     0.35000     0.39925       23.01267     0           1
 10   13  46     0.24400     0.24400        9.14728     0           0
 11   12  51     0.33300     0.33300       21.77734     1           1
 12   13  35     0.40000     0.40000       14.10736     0           0
 13   12  40     0.86064     0.86690       66.19552     3           3
 14   13  25     0.34400     0.34400       12.40868     0           0
 16   13  11     0.50800     0.50800       32.66967     0           0
 17   13  55     0.29500     0.32840       10.81713     0           1
 18   13  00     0.45150     0.54900       30.36908     1           1
 19   13  41     0.59300     0.59700       20.30907     1           1
 20   12  46     0.66700        -NaN       46.17981     1           5
 21   13  30     0.74900     0.64342       23.72267     1           3
 23   13  16     0.27300     0.27300       10.11526     0           0
 24   14  00     0.32733     0.33300       16.56982     1           1
 25   13  05     0.15900     0.15900       10.18425     0           0
 26   13  46     0.10800     0.14300        4.07347     0           1
 27   12  51     0.21500     0.18571       13.76489     0           1
 28   13  35     0.27500     0.27500       17.72813     3           3
 29   12  40     0.13100     0.17725        8.40379     0           1
 30   13  25     0.33283     0.30650       16.10095     3           3
