Day hour min     AOD QC2     AOD QC3  conc (um/cm2) avgbinQC2 avgbinQC3
 01   13  06     0.54425     0.56467       29.59662     3           3
 02   13  50     0.64825     0.59767       30.46443     5           5
 03   12  55        -NaN        -NaN           -NaN     5           5
 04   13  36     0.45300        -NaN       15.73764     3           5
 05   12  41     0.53570     0.54443       29.65527     3           3
 06   13  25     0.51200     0.71200       17.43999     3           5
 08   13  11     0.40300     0.40300       14.19673     0           0
 09   13  55     0.11500     0.21300        4.33432     0           1
 10   13  00     0.29550     0.24800       10.78253     1           1
 11   13  41     0.31100     0.31100       11.35923     1           1
 12   12  46     0.73617     0.72940       37.46076     3           3
 13   13  30     0.75200        -NaN       24.10689     5           5
 15   13  16     0.64200     0.59200       44.30574     3           3
 16   14  01     0.84456     0.85175       65.92645     5           5
 17   13  05     0.66740     0.50900       48.30847     5           5
 18   13  50     0.79783     0.87000       42.89585     5           5
 19   12  55     0.85700     0.83467       36.51261     3           5
 20   13  36     0.45833     0.63650       15.82062     3           5
 21   12  41        -NaN        -NaN       65.35599     5           5
 22   13  25        -NaN        -NaN           -NaN     5           5
 24   13  11     0.30667     0.17600       16.05335     1           1
 25   13  55     0.43400     0.40850       15.02267     0           1
 26   13  00     0.73300     0.73300       23.28990     0           0
 27   13  41     0.58700     0.63300       19.52397     1           1
 28   12  46     0.94600        -NaN       43.88754     1           5
 29   13  30     0.52233     0.50300       17.65095     3           3
 31   13  16        -NaN        -NaN           -NaN     5           5
