Day hour min     AOD QC2     AOD QC3  conc (um/cm2) avgbinQC2 avgbinQC3
 02   10  50        -NaN        -NaN           -NaN     5           5
 04   10  36     0.35300        -NaN       12.70762     3           5
 05   11  20     0.25033     0.27900       13.67077     1           3
 06   10  25     0.73500     0.73500       23.67432     5           5
 07   11  06     0.51500     0.48450       26.10441     1           3
 08   10  11     0.93100     0.76700       28.51652     3           5
 09   10  55     0.43843     0.41000       19.30752     3           3
 11   10  41     0.22600        -NaN       14.44510     1           5
 11   10  45     0.36467     0.33917       13.03214     1           3
 12   11  26     0.17850     0.61500       10.42673     1           3
 13   10  31     0.15250     0.16600        8.32503     3           3
 14   11  15     0.33833     0.35100       19.57384     1           1
 15   10  20        -NaN        -NaN           -NaN     5           5
 16   11  01     0.26800     0.26800        9.95840     0           0
 18   10  50     0.39300     0.39300       26.01302     5           5
 20   10  36        -NaN        -NaN           -NaN     5           5
 21   11  20        -NaN        -NaN           -NaN     5           5
 22   10  25        -NaN        -NaN           -NaN     5           5
 23   11  06     0.26900     0.22600       10.00590     0           3
 24   10  11     0.20500        -NaN        7.72928     0           5
 25   10  55     0.41500     0.41275       20.07460     1           3
 27   10  41     0.38600     0.31800       13.69522     0           3
 27   10  45     0.24400     0.24400        9.13785     0           0
 28   11  26     0.93800     0.94400       57.58637     3           3
 29   10  31     0.72900        -NaN       23.35715     1           5
 30   11  15     0.46200        -NaN       23.45486     5           5
