Day hour min     AOD QC2     AOD QC3  conc (um/cm2) avgbinQC2 avgbinQC3
 01   10  45     0.28500     0.28500       10.50780     0           0
 02   11  26     0.14100     0.14100        9.06036     0           0
 03   10  31     0.22500     0.22500        8.47563     0           0
 04   11  15     0.14200     0.14200        8.37772     0           0
 05   10  20     0.25300     0.25300        9.45142     0           0
 06   11  01     0.27900     0.27900       10.32301     0           0
 08   10  50     0.23800     0.23800        8.94666     0           0
 10   10  36     0.42500     0.42500       14.80755     0           0
 11   11  20     0.26300     0.31300        9.80154     0           1
 12   10  25     0.28800     0.28800       10.62800     0           0
 13   11  06     0.47200     0.48500       16.16951     0           1
 14   10  11     0.49080     0.49600       24.17281     1           1
 15   10  55     0.48900     0.48900       26.37617     0           0
 17   10  41     0.14350     0.11150        0.00000     3           3
 17   10  45     0.33900     0.33900       12.23218     0           0
 18   11  26     0.54300     0.56500       37.04391     1           1
 19   10  31     0.69500     0.69500       22.41897     0           0
 20   11  15     0.45400     0.65625       27.31411     0           3
 21   10  20     0.77733     0.84700       36.26071     1           1
 22   11  01     0.52200     0.52200       19.45204     0           0
 24   10  50     0.44900     0.44900       15.49429     0           0
 26   10  36     0.12900     0.12900        4.86067     0           0
 27   11  20     0.15800     0.15800        5.96781     0           0
 28   10  25     0.24750     0.23200       15.84806     5           5
 29   11  06     0.23400     0.23400        8.80560     0           0
 30   10  11     0.42880     0.43700       23.19889     3           3
