Day hour min     AOD QC2     AOD QC3  conc (um/cm2) avgbinQC2 avgbinQC3
 01   10  50     0.70129     0.70129       39.66759     3           3
 03   10  36     0.55450     0.39150       25.05803     1           3
 04   11  21     0.49950     0.60400       33.86639     1           3
 05   10  26     0.35450     0.24000       13.62527     3           3
 06   11  10     0.33900     0.22500       22.18704     0           1
 07   10  15        -NaN        -NaN           -NaN     5           5
 08   10  56        -NaN        -NaN           -NaN     5           5
 10   10  45     0.54300     0.32700       37.05354     0           1
 11   11  26     0.15350     0.15350        9.81981     1           1
 12   10  31     0.54100     0.40700       18.19780     0           3
 13   11  15     0.93500     0.86400       66.64353     1           3
 14   10  20        -NaN        -NaN       89.85383     5           5
 15   11  01        -NaN        -NaN           -NaN     5           5
 17   10  50        -NaN        -NaN      194.36185     5           5
 19   10  36     0.55900     0.58480       38.19009     0           1
 19   10  40     0.38100     0.38100       25.22500     0           0
 20   11  21     0.51133     0.56500       34.73762     1           1
 21   10  26     0.61000     0.41100       35.40390     0           1
 22   11  10     0.85900     0.85900       60.72309     1           1
 23   10  15        -NaN        -NaN           -NaN     5           5
 24   10  56        -NaN        -NaN           -NaN     5           5
 26   10  45        -NaN        -NaN           -NaN     5           5
 27   11  26        -NaN        -NaN           -NaN     5           5
 28   10  31        -NaN        -NaN           -NaN     5           5
 29   11  15        -NaN        -NaN           -NaN     5           5
 30   10  20        -NaN        -NaN           -NaN     5           5
