Day hour min     AOD QC2     AOD QC3  conc (um/cm2) avgbinQC2 avgbinQC3
 01   11  20     0.27950     0.29800       18.04463     1           1
 02   10  25     0.33500     0.28500       12.12244     0           1
 03   11  06     0.53233     0.57100       32.21029     1           1
 04   10  11     0.35200     0.35200       12.64757     0           0
 05   10  55     0.43900     0.43900       27.79908     5           5
 07   10  41        -NaN        -NaN           -NaN     5           5
 08   11  25     0.77350     0.77600       51.24827     1           1
 09   10  30     0.53218     0.54163       25.05541     3           3
 10   11  15     0.23700     0.23700       15.18276     1           1
 11   10  20     0.90700     0.96800       34.25060     3           3
 12   11  01     0.59300     0.50850       36.58410     3           3
 14   10  50     0.70044     0.68080       32.30816     3           3
 16   10  36        -NaN        -NaN           -NaN     5           5
 17   11  20     0.41800        -NaN       27.89634     5           5
 18   10  25     0.24600     0.29450        9.19592     0           1
 19   11  06     0.56700     0.56700       18.89143     0           0
 20   10  11        -NaN        -NaN           -NaN     5           5
 21   10  55        -NaN        -NaN           -NaN     5           5
 23   10  41     0.61900        -NaN       40.37906     3           5
 24   11  25     0.19800        -NaN       12.67458     1           5
 25   10  30     0.28925     0.28700       18.71801     3           3
 26   11  15     0.12050     0.12050        7.70724     1           1
 27   10  20        -NaN        -NaN           -NaN     5           5
 28   11  01        -NaN        -NaN           -NaN     5           5
 30   10  50     0.48820     0.44700       33.01707     3           3
