Day hour min     AOD QC2     AOD QC3  conc (um/cm2) avgbinQC2 avgbinQC3
 01   10  25     0.68267     0.69800       23.87821     1           1
 02   11  06     0.49075     0.49175       26.19724     1           1
 03   10  11     0.05600     0.05600        2.13834     0           0
 04   10  55     0.25200     0.18333       14.14889     1           3
 06   10  41     0.27900     0.10043       10.33467     0           1
 07   11  26     0.11200     0.11200        7.18735     0           0
 08   10  31     0.41800     0.41800       14.61978     0           0
 09   11  15     0.55960     0.59225       35.50073     1           1
 10   10  20     0.23200     0.23200        8.72309     0           0
 11   11  01     0.68800     0.68800       22.22135     0           0
 13   10  50     0.77300     0.61700       24.38689     0           1
 14   11  31     0.95200     0.97900       74.37384     3           3
 15   10  36     0.77900        -NaN       27.32523     3           5
 16   11  20     0.03900     0.03900        2.50005     0           0
 17   10  25     0.06300     0.09400        2.38812     0           1
 18   11  06     0.28900     0.28900       10.63783     0           0
 19   10  11     0.26700     0.26700        9.93285     0           0
 20   10  55     0.50900     0.50900       17.27247     0           0
 22   10  41     0.73171     0.73171       24.78029     1           1
 22   10  45     0.61100     0.61100       20.05597     0           0
 23   11  26     0.42140     0.41700       28.17833     1           1
 24   10  31     0.40300     0.40300       14.20052     0           0
 25   11  15     0.96500     0.96500       61.34206     0           0
 26   10  20     0.92600     0.92600       27.88494     0           0
 27   11  01     0.40500     0.40500       14.24398     0           0
 29   10  50     0.56600     0.56600       18.91374     0           0
 31   10  36     0.28860     0.28150       15.15924     1           1
