Day hour min     AOD QC2     AOD QC3  conc (um/cm2) avgbinQC2 avgbinQC3
 01   13  36     0.69200     0.71780       22.32272     1           3
 02   12  41     0.76800     0.76800       53.70402     1           1
 03   13  25     0.23000     0.23000        8.66453     0           0
 05   13  11     0.35500     0.35500       12.74876     0           0
 06   13  55     0.09160     0.09025        3.46518     1           1
 07   13  00     0.24400     0.24400        9.14546     0           0
 08   13  41     0.56883     0.53050       24.68545     3           3
 09   12  46     0.62050     0.63400       38.31253     1           1
 10   13  30     0.31575     0.30400       11.46068     1           1
 12   13  16     0.76900     0.86600       24.31232     1           3
 12   13  20        -NaN        -NaN           -NaN     5           5
 13   14  01     0.53050     0.73500       17.91881     1           3
 14   13  06     0.45400     0.41000       15.62024     0           1
 15   13  50     0.85100        -NaN       37.36669     5           5
 16   12  55     0.17700     0.17700        6.69369     0           0
 17   13  36     0.43100     0.16367       14.98698     0           1
 18   12  41     0.36000     0.36000       15.17873     0           0
 19   13  25     0.54400     0.54400       18.28743     0           0
 21   13  11     0.68400     0.68400       22.11817     0           0
 22   13  55     0.29300     0.29300       10.78851     0           0
 23   13  00     0.58100     0.69600       19.29131     0           1
 24   13  41     0.57000     0.57000       18.97138     0           0
 25   12  46     0.79100     0.83667       38.66645     1           3
 26   13  30     0.87200     0.87200       33.87173     5           5
 28   13  16        -NaN        -NaN       34.96559     5           5
 28   13  20        -NaN        -NaN       57.15148     5           5
 29   14  01     0.57300     0.56875       27.16229     1           1
 30   13  06     0.34100     0.34100       12.27634     3           3
 31   13  50     0.74600     0.62413       49.26044     3           5
