Profile Data:
Time                    	P                       	T    	Hu                 	Ws   	Wd          	Long.        	Lat.         	Geopot	Dewp.
[sec]                   	[hPa]                   	[°C] 	[%]                	[m/s]	[°]         	[°]          	[°]          	[m]   	[°C]
0                       	876.4                   	4.3  	100                	0.4  	333         	85.289622    	27.681836    	1311  	4.3
1                       	873.6                   	4.2  	97                 	0.5  	350         	85.289401    	27.681954    	1337  	3.7
2                       	870.8                   	4.0  	93                 	0.7  	021         	85.289180    	27.682073    	1363  	3.0
3                       	868.0                   	3.9  	90                 	0.8  	059         	85.288959    	27.682191    	1390  	2.3
4                       	865.2                   	3.7  	86                 	0.9  	081         	85.288738    	27.682309    	1416  	1.7
5                       	862.4                   	3.6  	83                 	1.0  	093         	85.288517    	27.682428    	1442  	1.0
6                       	859.6                   	3.5  	79                 	1.2  	099         	85.288296    	27.682546    	1468  	0.2
7                       	856.8                   	3.3  	76                 	1.3  	104         	85.288075    	27.682664    	1495  	-0.5
8                       	854.1                   	3.2  	72                 	1.4  	106         	85.287854    	27.682783    	1521  	-1.3
9                       	851.3                   	3.0  	69                 	1.5  	108         	85.287633    	27.682901    	1547  	-2.1
10                      	848.6                   	2.9  	67                 	1.7  	110         	85.287411    	27.683019    	1573  	-2.7
11                      	845.8                   	2.8  	67                 	1.8  	111         	85.287190    	27.683138    	1599  	-2.8
12                      	843.1                   	2.6  	67                 	1.9  	112         	85.286969    	27.683256    	1626  	-2.8
13                      	840.4                   	2.5  	67                 	2.0  	113         	85.286748    	27.683374    	1652  	-2.9
14                      	837.6                   	2.3  	68                 	2.2  	113         	85.286527    	27.683493    	1678  	-3.0
15                      	834.9                   	2.2  	68                 	2.3  	114         	85.286306    	27.683611    	1704  	-3.0
16                      	832.2                   	2.1  	68                 	2.4  	114         	85.286085    	27.683730    	1731  	-3.1
17                      	829.5                   	1.9  	69                 	2.6  	115         	85.285864    	27.683848    	1757  	-3.2
18                      	826.8                   	1.8  	69                 	2.7  	115         	85.285776    	27.683890    	1783  	-3.3
19                      	824.1                   	1.6  	69                 	2.8  	115         	85.285735    	27.683906    	1809  	-3.3
20                      	821.5                   	1.5  	70                 	2.9  	116         	85.285695    	27.683921    	1835  	-3.4
21                      	818.8                   	1.4  	70                 	3.1  	116         	85.285654    	27.683937    	1862  	-3.5
22                      	816.1                   	1.2  	70                 	3.2  	116         	85.285613    	27.683952    	1888  	-3.6
23                      	813.5                   	1.1  	71                 	3.3  	116         	85.285572    	27.683968    	1914  	-3.6
24                      	810.8                   	0.9  	71                 	3.4  	117         	85.285531    	27.683983    	1940  	-3.7
25                      	808.2                   	0.8  	71                 	3.6  	117         	85.285490    	27.683999    	1967  	-3.8
26                      	805.6                   	0.7  	72                 	3.7  	117         	85.285450    	27.684014    	1993  	-3.8
27                      	802.9                   	0.5  	72                 	3.8  	117         	85.285409    	27.684030    	2019  	-3.9
28                      	800.3                   	0.4  	72                 	3.9  	117         	85.285368    	27.684045    	2045  	-4.0
29                      	797.7                   	0.2  	73                 	4.1  	117         	85.285327    	27.684060    	2071  	-4.1
30                      	795.1                   	0.1  	73                 	4.2  	117         	85.285286    	27.684076    	2098  	-4.1
31                      	792.5                   	0.0  	73                 	4.2  	117         	85.285246    	27.684091    	2124  	-4.2
32                      	789.9                   	-0.1 	74                 	4.2  	116         	85.285205    	27.684107    	2150  	-4.2
33                      	787.4                   	-0.1 	74                 	4.2  	116         	85.285164    	27.684122    	2176  	-4.2
34                      	784.8                   	-0.2 	74                 	4.3  	115         	85.285123    	27.684138    	2203  	-4.2
35                      	782.2                   	-0.3 	74                 	4.3  	115         	85.285082    	27.684153    	2229  	-4.3
36                      	779.7                   	-0.4 	75                 	4.3  	114         	85.285041    	27.684169    	2255  	-4.3
37                      	777.1                   	-0.4 	75                 	4.3  	114         	85.285001    	27.684184    	2281  	-4.3
38                      	774.6                   	-0.5 	75                 	4.3  	113         	85.284960    	27.684200    	2307  	-4.4
39                      	772.0                   	-0.5 	75                 	4.3  	113         	85.284919    	27.684215    	2334  	-4.4
40                      	769.5                   	-0.6 	75                 	4.3  	112         	85.284878    	27.684231    	2360  	-4.4
41                      	767.0                   	-0.7 	75                 	4.4  	112         	85.284837    	27.684246    	2386  	-4.4
42                      	764.5                   	-0.7 	76                 	4.4  	111         	85.284796    	27.684262    	2412  	-4.5
43                      	762.0                   	-0.8 	76                 	4.4  	111         	85.284756    	27.684277    	2439  	-4.5
44                      	759.5                   	-0.8 	76                 	4.4  	110         	85.284715    	27.684293    	2465  	-4.5
45                      	757.0                   	-0.9 	76                 	4.4  	110         	85.284671    	27.684307    	2491  	-4.5
46                      	754.5                   	-0.9 	76                 	4.4  	110         	85.284622    	27.684318    	2517  	-4.6
47                      	752.0                   	-1.0 	77                 	4.5  	109         	85.284573    	27.684330    	2543  	-4.6
48                      	749.6                   	-1.1 	77                 	4.5  	109         	85.284524    	27.684342    	2570  	-4.6
49                      	747.1                   	-1.1 	77                 	4.5  	108         	85.284475    	27.684353    	2596  	-4.6
50                      	744.7                   	-1.2 	77                 	4.5  	108         	85.284427    	27.684365    	2622  	-4.7
51                      	742.2                   	-1.2 	77                 	4.5  	107         	85.284378    	27.684377    	2648  	-4.7
52                      	739.8                   	-1.3 	77                 	4.6  	107         	85.284329    	27.684388    	2675  	-4.7
53                      	737.4                   	-1.3 	77                 	4.6  	106         	85.284280    	27.684400    	2701  	-4.7
54                      	734.9                   	-1.4 	78                 	4.6  	106         	85.284231    	27.684412    	2727  	-4.8
55                      	732.5                   	-1.5 	78                 	4.6  	106         	85.284182    	27.684423    	2753  	-4.8
56                      	730.1                   	-1.5 	78                 	4.6  	105         	85.284133    	27.684435    	2779  	-4.8
57                      	727.7                   	-1.6 	78                 	4.7  	105         	85.284084    	27.684447    	2806  	-4.9
58                      	725.3                   	-1.6 	78                 	4.7  	104         	85.284036    	27.684458    	2832  	-4.9
59                      	722.9                   	-1.7 	78                 	4.7  	104         	85.283987    	27.684470    	2858  	-4.9
60                      	720.6                   	-1.8 	79                 	4.7  	104         	85.283938    	27.684481    	2884  	-5.0
61                      	718.2                   	-1.8 	79                 	4.7  	104         	85.283889    	27.684493    	2911  	-5.0
62                      	715.8                   	-1.9 	79                 	4.7  	104         	85.283840    	27.684505    	2937  	-5.1
63                      	713.5                   	-1.9 	79                 	4.7  	105         	85.283791    	27.684516    	2963  	-5.1
64                      	711.1                   	-2.0 	79                 	4.7  	105         	85.283742    	27.684528    	2989  	-5.2
65                      	708.8                   	-2.1 	79                 	4.7  	105         	85.283693    	27.684540    	3015  	-5.2
66                      	706.5                   	-2.1 	79                 	4.7  	106         	85.283645    	27.684551    	3042  	-5.2
67                      	704.1                   	-2.2 	79                 	4.7  	106         	85.283596    	27.684563    	3068  	-5.3
68                      	701.8                   	-2.2 	79                 	4.7  	106         	85.283547    	27.684575    	3094  	-5.3
69                      	699.5                   	-2.3 	79                 	4.7  	107         	85.283498    	27.684586    	3120  	-5.4
70                      	697.2                   	-2.3 	79                 	4.7  	107         	85.283449    	27.684598    	3147  	-5.4
71                      	694.9                   	-2.4 	79                 	4.7  	107         	85.283400    	27.684610    	3173  	-5.4
72                      	692.6                   	-2.4 	79                 	4.7  	108         	85.283351    	27.684621    	3199  	-5.5
73                      	690.5                   	-2.5 	79                 	4.7  	108         	85.283302    	27.684633    	3225  	-5.5
74                      	688.5                   	-2.5 	79                 	4.7  	108         	85.283254    	27.684645    	3251  	-5.6
75                      	686.4                   	-2.6 	80                 	4.7  	109         	85.283205    	27.684656    	3278  	-5.6
76                      	684.3                   	-2.6 	80                 	4.7  	109         	85.283164    	27.684672    	3304  	-5.6
77                      	682.2                   	-2.7 	80                 	4.7  	109         	85.283133    	27.684692    	3330  	-5.7
78                      	680.2                   	-2.7 	80                 	4.7  	110         	85.283102    	27.684713    	3343  	-5.7
79                      	679.6                   	-2.8 	80                 	4.7  	110         	85.283072    	27.684733    	3350  	-5.8
80                      	679.0                   	-2.8 	80                 	4.7  	110         	85.283041    	27.684754    	3356  	-5.8
81                      	678.4                   	-2.9 	80                 	4.7  	111         	85.283010    	27.684774    	3363  	-5.9
82                      	677.8                   	-2.9 	80                 	4.7  	111         	85.282979    	27.684795    	3370  	-5.9
83                      	677.3                   	-3.0 	80                 	4.7  	111         	85.282948    	27.684815    	3377  	-6.0
84                      	676.7                   	-3.0 	80                 	4.7  	112         	85.282917    	27.684835    	3384  	-6.0
85                      	676.1                   	-3.1 	80                 	4.7  	112         	85.282886    	27.684856    	3391  	-6.0
86                      	675.5                   	-3.1 	80                 	4.7  	112         	85.282856    	27.684876    	3398  	-6.1
87                      	674.9                   	-3.2 	80                 	4.7  	113         	85.282825    	27.684897    	3404  	-6.1
88                      	674.3                   	-3.2 	80                 	4.7  	113         	85.282794    	27.684917    	3411  	-6.2
89                      	673.8                   	-3.3 	80                 	4.7  	114         	85.282763    	27.684938    	3418  	-6.3
90                      	673.2                   	-3.3 	80                 	4.7  	114         	85.282732    	27.684958    	3425  	-6.3
91                      	672.6                   	-3.4 	80                 	4.6  	115         	85.282701    	27.684978    	3432  	-6.4
92                      	672.0                   	-3.4 	80                 	4.5  	115         	85.282671    	27.684999    	3439  	-6.4
93                      	671.4                   	-3.5 	80                 	4.4  	116         	85.282640    	27.685019    	3445  	-6.5
94                      	670.9                   	-3.5 	80                 	4.3  	117         	85.282609    	27.685040    	3452  	-6.5
95                      	670.3                   	-3.5 	79                 	4.3  	118         	85.282578    	27.685060    	3459  	-6.5
96                      	669.7                   	-3.5 	79                 	4.2  	119         	85.282547    	27.685081    	3466  	-6.6
97                      	669.1                   	-3.6 	79                 	4.2  	120         	85.282516    	27.685101    	3473  	-6.6
98                      	668.5                   	-3.6 	79                 	4.1  	121         	85.282486    	27.685122    	3480  	-6.6
99                      	668.0                   	-3.6 	79                 	4.0  	122         	85.282455    	27.685142    	3486  	-6.7
100                     	667.4                   	-3.6 	79                 	4.0  	123         	85.282424    	27.685162    	3493  	-6.7
101                     	666.8                   	-3.7 	79                 	3.9  	124         	85.282393    	27.685183    	3500  	-6.8
102                     	666.2                   	-3.7 	79                 	3.8  	125         	85.282362    	27.685203    	3507  	-6.8
103                     	665.7                   	-3.7 	79                 	3.8  	127         	85.282331    	27.685224    	3514  	-6.9
104                     	665.1                   	-3.8 	79                 	3.7  	128         	85.282300    	27.685244    	3521  	-6.9
105                     	664.5                   	-3.8 	78                 	3.6  	129         	85.282270    	27.685265    	3528  	-7.0
106                     	663.9                   	-3.8 	78                 	3.6  	131         	85.282239    	27.685285    	3534  	-7.0
107                     	663.4                   	-3.9 	78                 	3.5  	132         	85.282220    	27.685303    	3541  	-7.1
108                     	662.8                   	-3.9 	78                 	3.4  	133         	85.282203    	27.685320    	3548  	-7.1
109                     	662.2                   	-3.9 	78                 	3.3  	135         	85.282187    	27.685337    	3555  	-7.2
110                     	661.7                   	-4.0 	78                 	3.3  	136         	85.282170    	27.685355    	3561  	-7.3
111                     	661.1                   	-4.0 	78                 	3.2  	137         	85.282154    	27.685372    	3568  	-7.3
112                     	660.5                   	-4.0 	77                 	3.2  	137         	85.282137    	27.685389    	3575  	-7.4
113                     	660.0                   	-4.1 	77                 	3.1  	137         	85.282120    	27.685407    	3582  	-7.4
114                     	659.4                   	-4.1 	77                 	3.1  	137         	85.282104    	27.685424    	3588  	-7.5
115                     	658.8                   	-4.1 	77                 	3.0  	137         	85.282087    	27.685441    	3595  	-7.5
116                     	658.3                   	-4.2 	77                 	3.0  	137         	85.282071    	27.685459    	3602  	-7.6
117                     	657.7                   	-4.2 	77                 	2.9  	137         	85.282054    	27.685476    	3609  	-7.7
118                     	657.2                   	-4.2 	77                 	2.9  	138         	85.282038    	27.685493    	3615  	-7.7
119                     	656.6                   	-4.3 	76                 	2.8  	138         	85.282021    	27.685510    	3622  	-7.8
120                     	656.0                   	-4.3 	76                 	2.7  	138         	85.282005    	27.685528    	3629  	-7.8
121                     	655.5                   	-4.4 	76                 	2.7  	138         	85.281988    	27.685545    	3635  	-7.9
122                     	654.9                   	-4.4 	76                 	2.6  	138         	85.281972    	27.685562    	3642  	-8.0
123                     	654.4                   	-4.5 	76                 	2.6  	139         	85.281955    	27.685580    	3649  	-8.0
124                     	653.8                   	-4.5 	76                 	2.5  	139         	85.281939    	27.685597    	3656  	-8.1
125                     	653.3                   	-4.6 	76                 	2.5  	139         	85.281922    	27.685614    	3662  	-8.2
126                     	652.7                   	-4.6 	76                 	2.4  	139         	85.281906    	27.685631    	3669  	-8.2
127                     	652.1                   	-4.7 	76                 	2.4  	139         	85.281889    	27.685649    	3676  	-8.3
128                     	651.5                   	-4.7 	76                 	2.3  	140         	85.281872    	27.685666    	3682  	-8.3
129                     	650.8                   	-4.8 	76                 	2.3  	140         	85.281856    	27.685683    	3689  	-8.4
130                     	650.2                   	-4.8 	75                 	2.2  	140         	85.281839    	27.685701    	3696  	-8.4
131                     	649.6                   	-4.9 	75                 	2.2  	140         	85.281823    	27.685718    	3703  	-8.5
637                     	402.7                   	-32.6	68                 	22.7 	241         	85.328559    	27.704364    	7512  	-36.2
638                     	402.3                   	-32.7	68                 	25.1 	241         	85.328772    	27.704473    	7520  	-36.2
639                     	401.8                   	-32.7	68                 	27.4 	241         	85.328985    	27.704581    	7528  	-36.3
640                     	401.4                   	-32.8	68                 	29.8 	240         	85.329198    	27.704690    	7536  	-36.4
641                     	400.9                   	-32.9	68                 	32.1 	240         	85.329411    	27.704799    	7544  	-36.4
642                     	400.4                   	-32.9	68                 	34.5 	240         	85.329624    	27.704907    	7551  	-36.5
643                     	400.0                   	-33.0	68                 	36.8 	240         	85.329837    	27.705016    	7559  	-36.6
644                     	399.5                   	-33.1	68                 	39.2 	240         	85.330049    	27.705124    	7567  	-36.6
645                     	399.1                   	-33.1	68                 	41.5 	239         	85.330262    	27.705233    	7575  	-36.7
646                     	398.6                   	-33.2	68                 	43.9 	239         	85.330475    	27.705342    	7583  	-36.8
647                     	398.2                   	-33.3	68                 	46.3 	239         	85.330688    	27.705450    	7591  	-36.8
648                     	397.7                   	-33.3	68                 	48.6 	239         	85.330901    	27.705559    	7599  	-36.9
649                     	397.3                   	-33.4	68                 	51.0 	239         	85.331114    	27.705668    	7607  	-37.0
650                     	396.8                   	-33.5	68                 	53.3 	239         	85.331327    	27.705776    	7615  	-37.0
651                     	396.4                   	-33.5	68                 	53.9 	239         	85.331540    	27.705885    	7623  	-37.1
652                     	395.9                   	-33.6	68                 	54.5 	239         	85.331752    	27.705993    	7631  	-37.1
653                     	395.5                   	-33.7	68                 	55.1 	239         	85.331965    	27.706102    	7639  	-37.2
654                     	395.0                   	-33.7	68                 	55.7 	239         	85.332178    	27.706211    	7647  	-37.3
655                     	394.6                   	-33.8	68                 	56.3 	239         	85.332392    	27.706319    	7655  	-37.3
656                     	394.1                   	-33.9	68                 	56.9 	239         	85.332628    	27.706431    	7663  	-37.4
657                     	393.7                   	-34.0	68                 	57.5 	239         	85.332863    	27.706543    	7671  	-37.5
658                     	393.2                   	-34.0	68                 	58.1 	239         	85.333099    	27.706654    	7679  	-37.5
659                     	392.8                   	-34.1	68                 	58.7 	239         	85.333334    	27.706766    	7687  	-37.6
660                     	392.3                   	-34.2	68                 	59.3 	239         	85.333570    	27.706877    	7695  	-37.7
661                     	391.9                   	-34.2	68                 	59.9 	239         	85.333805    	27.706989    	7703  	-37.7
662                     	391.4                   	-34.3	68                 	60.5 	239         	85.334041    	27.707101    	7711  	-37.8
663                     	391.0                   	-34.4	68                 	61.1 	239         	85.334277    	27.707212    	7719  	-37.9
664                     	390.6                   	-34.5	68                 	61.6 	239         	85.334512    	27.707324    	7727  	-37.9
665                     	390.1                   	-34.5	68                 	62.2 	239         	85.334748    	27.707435    	7735  	-38.0
666                     	389.7                   	-34.6	68                 	62.8 	239         	85.334983    	27.707547    	7743  	-38.1
667                     	389.2                   	-34.7	68                 	63.4 	239         	85.335219    	27.707658    	7751  	-38.1
668                     	388.8                   	-34.7	68                 	64.0 	239         	85.335455    	27.707770    	7759  	-38.2
669                     	388.3                   	-34.8	68                 	64.6 	239         	85.335690    	27.707882    	7767  	-38.3
670                     	387.9                   	-34.9	68                 	65.2 	238         	85.335926    	27.707993    	7775  	-38.4
671                     	387.4                   	-35.0	68                 	64.7 	239         	85.336161    	27.708105    	7783  	-38.4
672                     	386.9                   	-35.0	68                 	64.2 	239         	85.336397    	27.708216    	7792  	-38.5
673                     	386.5                   	-35.1	68                 	63.6 	239         	85.336632    	27.708328    	7800  	-38.6
674                     	386.0                   	-35.2	68                 	63.1 	239         	85.336868    	27.708439    	7808  	-38.7
675                     	385.6                   	-35.3	68                 	62.6 	239         	85.337104    	27.708551    	7816  	-38.8
676                     	385.1                   	-35.3	68                 	62.1 	239         	85.337339    	27.708663    	7824  	-38.9
677                     	384.7                   	-35.4	68                 	61.5 	239         	85.337575    	27.708774    	7833  	-38.9
678                     	384.2                   	-35.5	68                 	61.0 	239         	85.337810    	27.708886    	7841  	-39.0
679                     	383.8                   	-35.5	67                 	60.5 	239         	85.338046    	27.708997    	7849  	-39.1
680                     	383.3                   	-35.6	67                 	60.0 	239         	85.338281    	27.709109    	7857  	-39.2
681                     	382.9                   	-35.7	67                 	59.4 	239         	85.338517    	27.709220    	7865  	-39.3
682                     	382.4                   	-35.8	67                 	58.9 	239         	85.338756    	27.709327    	7874  	-39.4
683                     	382.0                   	-35.8	67                 	58.4 	239         	85.338996    	27.709432    	7882  	-39.4
684                     	381.5                   	-35.9	67                 	57.9 	239         	85.339236    	27.709537    	7890  	-39.5
685                     	381.1                   	-36.0	67                 	57.3 	239         	85.339477    	27.709642    	7898  	-39.6
686                     	380.6                   	-36.0	67                 	56.8 	239         	85.339717    	27.709747    	7906  	-39.7
687                     	380.2                   	-36.1	66                 	56.3 	239         	85.339957    	27.709852    	7915  	-39.8
688                     	379.7                   	-36.2	66                 	55.8 	239         	85.340197    	27.709957    	7923  	-39.9
689                     	379.3                   	-36.3	66                 	55.3 	239         	85.340437    	27.710062    	7931  	-40.0
690                     	378.8                   	-36.3	66                 	54.7 	239         	85.340677    	27.710167    	7939  	-40.1
691                     	378.4                   	-36.4	66                 	53.3 	239         	85.340917    	27.710272    	7947  	-40.1
692                     	377.9                   	-36.5	66                 	51.9 	239         	85.341158    	27.710377    	7956  	-40.2
693                     	377.5                   	-36.5	66                 	50.5 	239         	85.341398    	27.710482    	7964  	-40.3
694                     	377.0                   	-36.6	65                 	49.1 	240         	85.341638    	27.710587    	7972  	-40.4
695                     	376.6                   	-36.7	65                 	47.7 	240         	85.341878    	27.710692    	7980  	-40.5
696                     	376.2                   	-36.8	65                 	46.2 	240         	85.342118    	27.710797    	7988  	-40.6
697                     	375.7                   	-36.8	65                 	44.8 	240         	85.342358    	27.710902    	7997  	-40.7
698                     	375.3                   	-36.9	65                 	43.4 	240         	85.342599    	27.711007    	8005  	-40.7
699                     	374.8                   	-37.0	65                 	42.0 	240         	85.342839    	27.711112    	8013  	-40.8
700                     	374.4                   	-37.1	65                 	40.6 	241         	85.343079    	27.711217    	8021  	-40.9
701                     	373.9                   	-37.1	65                 	39.2 	241         	85.343319    	27.711321    	8029  	-41.0
702                     	373.5                   	-37.2	65                 	37.8 	241         	85.343559    	27.711426    	8038  	-41.0
703                     	373.0                   	-37.3	65                 	36.4 	241         	85.343799    	27.711531    	8046  	-41.1
704                     	372.6                   	-37.4	65                 	34.9 	241         	85.344040    	27.711636    	8054  	-41.2
705                     	372.2                   	-37.4	65                 	33.5 	242         	85.344280    	27.711741    	8062  	-41.3
706                     	371.7                   	-37.5	65                 	32.1 	242         	85.344520    	27.711846    	8070  	-41.4
707                     	371.3                   	-37.6	65                 	30.7 	242         	85.344760    	27.711951    	8079  	-41.4
708                     	370.8                   	-37.7	65                 	29.3 	243         	85.345000    	27.712056    	8087  	-41.5
709                     	370.4                   	-37.8	65                 	27.9 	243         	85.345240    	27.712161    	8095  	-41.6
710                     	370.0                   	-37.8	65                 	26.5 	243         	85.345481    	27.712266    	8103  	-41.7
711                     	369.5                   	-37.9	65                 	26.5 	243         	85.345718    	27.712373    	8111  	-41.8
712                     	369.1                   	-38.0	65                 	26.4 	243         	85.345948    	27.712487    	8119  	-41.8
713                     	368.6                   	-38.1	64                 	26.4 	243         	85.346177    	27.712601    	8128  	-41.9
714                     	368.2                   	-38.1	64                 	26.4 	243         	85.346407    	27.712715    	8136  	-42.0
715                     	367.8                   	-38.2	64                 	26.4 	243         	85.346637    	27.712829    	8144  	-42.1
716                     	367.3                   	-38.3	64                 	26.3 	243         	85.346866    	27.712943    	8152  	-42.2
717                     	366.9                   	-38.4	64                 	26.3 	243         	85.347096    	27.713057    	8160  	-42.3
718                     	366.5                   	-38.4	64                 	26.3 	243         	85.347325    	27.713170    	8169  	-42.4
719                     	366.0                   	-38.5	64                 	26.3 	242         	85.347555    	27.713284    	8177  	-42.4
720                     	365.6                   	-38.6	64                 	26.2 	242         	85.347784    	27.713398    	8185  	-42.5
721                     	365.2                   	-38.7	64                 	26.2 	242         	85.348014    	27.713512    	8193  	-42.6
722                     	364.7                   	-38.7	64                 	26.2 	242         	85.348243    	27.713626    	8201  	-42.7
723                     	364.3                   	-38.8	64                 	26.1 	242         	85.348473    	27.713740    	8210  	-42.8
724                     	363.8                   	-38.9	64                 	26.1 	242         	85.348703    	27.713854    	8218  	-42.8
725                     	363.4                   	-39.0	64                 	26.1 	242         	85.348932    	27.713968    	8226  	-42.9
726                     	363.0                   	-39.0	64                 	26.1 	242         	85.349162    	27.714081    	8234  	-43.0
727                     	362.5                   	-39.1	64                 	26.0 	242         	85.349391    	27.714195    	8242  	-43.1
728                     	362.1                   	-39.2	63                 	26.0 	241         	85.349621    	27.714309    	8251  	-43.2
729                     	361.7                   	-39.3	63                 	26.0 	241         	85.349850    	27.714423    	8259  	-43.2
730                     	361.3                   	-39.3	63                 	26.0 	241         	85.350080    	27.714537    	8267  	-43.3
731                     	360.8                   	-39.4	63                 	25.9 	241         	85.350310    	27.714651    	8275  	-43.4
732                     	360.4                   	-39.5	63                 	25.9 	241         	85.350539    	27.714765    	8283  	-43.5
733                     	360.0                   	-39.6	63                 	25.9 	241         	85.350769    	27.714879    	8291  	-43.6
734                     	359.5                   	-39.6	63                 	25.9 	241         	85.350998    	27.714992    	8299  	-43.6
735                     	359.1                   	-39.7	63                 	25.9 	241         	85.351228    	27.715106    	8307  	-43.7
736                     	358.7                   	-39.8	63                 	25.9 	241         	85.351457    	27.715220    	8315  	-43.8
737                     	358.3                   	-39.8	63                 	25.9 	241         	85.351687    	27.715334    	8324  	-43.9
738                     	357.8                   	-39.9	63                 	25.9 	241         	85.351917    	27.715448    	8332  	-44.0
739                     	357.4                   	-40.0	63                 	25.8 	241         	85.352146    	27.715562    	8340  	-44.0
740                     	357.0                   	-40.1	63                 	25.8 	241         	999999.000000	999999.000000	8348  	-44.1
741                     	356.6                   	-40.1	63                 	25.8 	241         	999999.000000	999999.000000	8356  	-44.2
742                     	356.1                   	-40.2	62                 	25.8 	241         	999999.000000	999999.000000	8364  	-44.3
743                     	355.7                   	-40.3	62                 	25.8 	241         	999999.000000	999999.000000	8372  	-44.4
744                     	355.3                   	-40.3	62                 	25.8 	241         	999999.000000	999999.000000	8380  	-44.4
745                     	354.9                   	-40.4	62                 	25.8 	241         	999999.000000	999999.000000	8388  	-44.5
746                     	354.5                   	-40.5	62                 	25.8 	241         	999999.000000	999999.000000	8397  	-44.6
747                     	354.0                   	-40.5	62                 	25.8 	241         	999999.000000	999999.000000	8405  	-44.7
Tropopauses:
1. Tropopause: ----     	                        	     	2. Tropopause: ----
LCL: 876.4 [hPa]        	                        	     	LI: -              	     	K-Index: 17
LFC: 875.4 [hPa]        	                        	     	SI: -              	     	S-Index: 31
CCL: 875.9 [hPa]        	                        	     	CAPE: 0.0 [J/kg]   	     	TT-Index: 40
EL: 870.4 [hPa]         	                        	     	CINH: 0.0 [J/kg]   	     	Ko-Index: 9
Reason of Stop Sounding:
IA                      	Invalid Ascent rate (IA)
                        	                        	     	                   	-
Page 1 of 1
