Day hour min     AOD QC2     AOD QC3  conc (um/cm2) avgbinQC2 avgbinQC3
 02   13  11     0.30700     0.30700       11.22087     0           0
 03   13  55     0.10057     0.08550        3.80684     1           1
 04   13  00     0.16900     0.16900        8.67541     1           1
 05   13  41     0.08700     0.08500        3.28661     1           1
 06   12  46     0.11100     0.11100        4.17757     0           0
 07   13  30     0.16500     0.25960        6.23762     0           1
 09   13  16     0.28700     0.28700       10.55745     1           1
 10   14  00     0.50100     0.61850       30.36774     1           3
 11   13  05        -NaN        -NaN           -NaN     5           5
 12   13  46     0.31815     0.34867       19.70341     3           3
 12   13  50     0.20100     0.20100       12.88826     1           1
 13   12  51     0.10600     0.10600        4.01918     0           0
 13   12  55     0.18000     0.18000       11.51716     0           0
 14   13  36     0.40800     0.32729       14.34016     1           3
 15   12  41     0.28500     0.41167       13.73425     1           3
 16   13  25     0.44500     0.35867       15.38778     0           3
 18   13  11     0.52950     0.55300       17.82121     1           1
 19   13  55        -NaN        -NaN           -NaN     5           5
 20   13  00     0.40500        -NaN       14.35308     5           5
 21   13  41     0.36200     0.32200       12.94377     1           1
 22   12  46     0.58250        -NaN       36.00073     3           5
 23   13  30     0.52700     0.59700       17.83800     3           5
 25   13  16     0.25600     0.25600        9.55700     0           0
 26   14  01     0.59100     0.68991       19.73471     1           3
 27   13  05     0.71000     0.69300       30.70658     3           3
 28   13  50        -NaN        -NaN           -NaN     5           5
 29   12  55        -NaN        -NaN           -NaN     5           5
 30   13  36     0.60800     0.60800       20.14038     3           3
 31   12  41     0.55600     0.86463       71.43706     3           5
