Day hour min     AOD QC2     AOD QC3  conc (um/cm2) avgbinQC2 avgbinQC3
 01   13  00     0.40233     0.35800       16.97140     1           1
 02   13  41     0.28500     0.28500       10.49762     0           0
 03   12  46     0.51200        -NaN       29.37919     1           5
 04   13  30     0.70267     0.70100       28.67162     3           3
 06   13  16     0.37300     0.41233       13.30206     1           3
 07   14  00     0.38900     0.59700       13.78699     3           5
 08   13  05     0.28933     0.24500       11.30298     1           1
 09   13  46     0.32150     0.29500       12.58227     1           1
 09   13  50     0.41600     0.41600       26.24369     0           0
 10   12  51     0.35400     0.35400       19.85462     1           1
 11   13  36     0.46950     0.45200       20.41220     1           1
 12   12  41     0.40700     0.40700       21.76581     5           5
 13   13  25     0.21300     0.21300        8.04430     0           0
 15   13  11     0.26200     0.19267        9.74815     0           1
 16   13  55     0.36450     0.35700       13.04668     1           1
 17   13  00     0.51700     0.51700       31.47640     1           1
 18   13  41     0.26900     0.26900        9.99241     0           0
 19   12  46     0.14000     0.68875        5.29176     0           3
 20   13  30     0.50000     0.36600       17.00091     0           1
 22   13  16     0.34600     0.34600       12.45497     0           0
 23   14  00     0.21600     0.20700       13.52089     3           3
 24   13  05     0.16067     0.16067        8.03897     1           1
 25   13  46     0.33050     0.33050       15.98520     1           1
 25   13  50     0.33500     0.33500       20.78798     3           3
 26   12  51     0.12600     0.12600        4.74374     0           0
 27   13  36     0.26900     0.15420       10.00100     0           1
 28   12  41     0.20100     0.14700       12.84944     0           1
 29   13  25     0.25480     0.27300       12.73366     1           1
 31   13  11     0.22800     0.22800        8.61366     0           0
