Day hour min     AOD QC2     AOD QC3  conc (um/cm2) avgbinQC2 avgbinQC3
 01   13  36     0.52000     0.47633       33.59747     5           5
 02   12  41     0.30500     0.28633       14.71453     1           1
 03   13  25        -NaN        -NaN           -NaN     5           5
 05   13  11     0.32600     0.32600       11.82945     0           0
 06   13  55     0.87300     0.93400       63.71778     3           3
 07   13  00     0.88200     0.79600       37.32766     0           1
 08   13  41     0.90133     0.93400       33.52573     3           3
 09   12  46     0.47050     0.30600       31.79868     3           3
 10   13  30     0.36050     0.44600       18.50432     3           3
 12   13  16     0.67600     0.40040       21.90941     1           3
 13   14  00     0.33450     0.34700       15.58173     1           1
 14   13  05     0.54567     0.64800       24.61330     3           3
 15   13  46        -NaN        -NaN       41.58279     5           5
 16   12  51     0.79150     0.78463       37.45548     3           3
 17   13  36        -NaN        -NaN           -NaN     5           5
 18   12  41     0.55300     0.62343       33.85434     1           5
 19   13  25     0.19000     0.26250        7.16236     1           3
 21   13  11     0.62800     0.62800       20.62062     0           0
 22   13  55     0.45300     0.41075       15.54104     0           1
 23   13  00     0.28000     0.28000       10.34379     0           0
 24   13  41     0.42640     0.43480       18.91318     3           3
 25   12  46     0.51100     0.74900       20.92870     1           3
 26   13  30     0.41884     0.42920       14.63710     3           3
 28   13  16     0.54840     0.52100       18.79956     3           3
 29   14  00        -NaN        -NaN           -NaN     5           5
 30   13  05        -NaN        -NaN           -NaN     5           5
 31   13  46     0.28783     0.28440       13.45326     3           3
