Day hour min     AOD QC2     AOD QC3  conc (um/cm2) avgbinQC2 avgbinQC3
 02   10  36     0.67133     0.67133       42.64006     3           3
 03   11  20        -NaN        -NaN           -NaN     5           5
 04   10  25     0.54367     0.57500       26.52421     1           3
 05   11  10     0.41675     0.38350       27.80565     3           3
 06   10  11        -NaN        -NaN           -NaN     5           5
 06   10  15        -NaN        -NaN           -NaN     5           5
 07   10  56     0.33400     0.33400       12.09053     0           0
 09   10  45     0.38800     0.38800       13.73398     0           0
 10   11  26     0.22375     0.19600       14.30606     1           1
 11   10  31     0.19800     0.19800        7.45961     0           0
 12   11  15     0.73875     0.73700       50.79496     3           3
 13   10  20     0.94450        -NaN       38.21707     5           5
 14   11  01        -NaN        -NaN           -NaN     5           5
 16   10  50     0.64640     0.55650       36.15225     3           3
 18   10  36     0.69600        -NaN       22.70941     5           5
 19   11  21     0.81500     0.93300       57.25760     3           5
 20   10  26     0.84267     0.98200       32.75206     3           3
 21   11  10     0.82100        -NaN       54.62875     1           5
 22   10  15        -NaN        -NaN           -NaN     5           5
 23   10  56        -NaN        -NaN           -NaN     5           5
 25   10  45     0.46900     0.46900       16.06975     0           0
 26   11  26     0.74800     0.74367       52.24454     0           1
 27   10  31     0.72833     0.69200       23.16600     1           1
 28   11  15     0.64900     0.64900       30.44276     0           0
 29   10  20     0.75880     0.75978       29.34495     5           5
 30   11  01     0.76733     0.77325       38.27887     3           3
