Day hour min     AOD QC2     AOD QC3  conc (um/cm2) avgbinQC2 avgbinQC3
 01   13  30     0.25900     0.27250       12.77792     3           5
 03   13  16     0.24800     0.22243        9.30126     1           3
 04   14  00     0.19500     0.21700       10.18320     3           3
 05   13  05     0.21400     0.19090        8.03837     1           3
 06   13  46     0.18100     0.18880       10.00762     1           3
 07   12  51     0.13667     0.12850        5.16986     1           1
 08   13  35     0.12000     0.17300        4.53818     0           1
 09   12  40     0.20600     0.36100        7.76782     1           3
 10   13  21        -NaN        -NaN           -NaN     5           5
 10   13  25     0.45000     0.45000       15.53866     0           0
 12   13  11     0.18400     0.17933        7.08819     1           1
 13   13  55     0.22600     0.19550        8.51085     1           3
 14   13  00     0.26000     0.26000       16.68561     0           0
 15   13  41     0.47100     0.60467       16.20201     1           3
 16   12  46     0.74250     0.68000       51.82446     1           1
 17   13  30     0.50600     0.50600       17.17600     0           0
 19   13  16     0.24000     0.24000        9.00309     0           0
 20   14  00     0.19667     0.18600        7.85950     3           3
 21   13  05     0.25400     0.23800       10.85344     3           3
 22   13  46     0.27200     0.33000       10.74368     1           1
 23   12  51     0.23875     0.22233       12.01951     1           1
 24   13  35     0.30900     0.30900       11.29474     0           0
 25   12  40     0.43200     0.35833       28.92179     0           1
 26   13  25     0.55000     0.51900       18.45403     0           1
 28   13  11     0.73100     0.73100       40.13996     3           3
 29   13  55     0.28550     0.29379       11.92294     1           3
 30   13  00     0.22900     0.22175       11.37615     1           3
 31   13  41     0.32550     0.31500       17.81419     5           5
