Day hour min     AOD QC2     AOD QC3  conc (um/cm2) avgbinQC2 avgbinQC3
 01   13  55     0.13563     0.12557        5.89857     1           1
 02   13  00     0.22000     0.26100       11.95537     1           1
 03   13  41     0.12138     0.11520        5.74182     1           1
 04   12  46     0.10883     0.11350        5.75118     1           1
 05   13  30     0.23500     0.23500        8.83947     0           0
 07   13  16     0.24800     0.24800        9.30080     0           0
 08   14  00     0.12586     0.11525        6.75315     1           1
 09   13  05     0.18200     0.18200        6.87077     0           0
 10   13  46     0.17500     0.27250        6.61466     0           1
 10   13  50     0.19200     0.22525        7.24287     0           1
 11   12  51     0.31100     0.31100       19.25266     0           0
 11   12  55     0.48560     0.48560       32.86119     3           3
 12   13  36     0.24300     0.17420        9.11416     0           1
 13   12  41     0.25483     0.24600       16.29553     1           1
 14   13  25     0.36044     0.34080       18.18623     3           3
 16   13  11     0.38200     0.26625       20.42226     1           3
 17   13  55     0.19300     0.19300        7.27895     0           0
 18   13  00     0.16500     0.18400       10.58769     0           1
 19   13  41     0.20825     0.20825        8.67905     1           1
 20   12  46     0.18114     0.19317       10.85005     1           1
 21   13  30     0.45979     0.44808       20.33877     3           3
 23   13  16     0.33300     0.33300       12.05548     0           0
 24   14  00     0.42050     0.35600       21.93008     3           3
 25   13  05     0.28200     0.28200       13.59898     0           0
 26   13  50     0.34740     0.30850       12.45735     1           1
 27   12  51     0.31450        -NaN       18.55751     3           5
 27   12  55     0.29900     0.29900       15.20497     1           1
 28   13  36     0.32100     0.32100       11.67818     0           0
 29   12  41     0.49550     0.52100       33.57652     1           1
 30   13  25     0.43400     0.43400       15.08572     0           0
